INSERT INTO Room (RoomNumber, RoomName, Capacity, IsOccupied, RoomType)
VALUES
(2, '1102', 100, 0, 1),
(3, '1103', 100, 0, 1),
(4, '1104', 100, 0, 1),
(5, '1105', 100, 0, 1),
(6, '1106', 100, 0, 1),
(7, '1107', 100, 0, 1),
(8, '1108', 100, 0, 1),
(9, '1109', 100, 0, 1),
(10, '1110', 100, 0, 1),
(11, '1111', 100, 0, 1),
(12, '1112', 100, 0, 1),
(13, '1113', 100, 0, 1),
(14, '1114', 100, 0, 1),
(15, '1115', 100, 0, 1),
(16, '1116', 100, 0, 1),
(17, '1117', 100, 0, 1),
(18, '1201', 100, 0, 1),
(19, '1202', 100, 0, 1),
(20, '1203', 100, 0, 1),
(21, '1204', 100, 0, 1),
(22, '1205', 100, 0, 1),
(23, '1206', 100, 0, 1),
(24, '1207', 100, 0, 1),
(25, '1208', 100, 0, 1),
(26, '1209', 100, 0, 1),
(27, '1210', 100, 0, 1),
(28, '1211', 100, 0, 1),
(29, '1212', 100, 0, 1),
(30, '1213', 100, 0, 1),
(31, '1214', 100, 0, 1),
(32, '1215', 100, 0, 1),
(33, '1216', 100, 0, 1),
(34, '1217', 100, 0, 1),
(35, '1301', 100, 0, 1),
(36, '1302', 100, 0, 1),
(37, '1303', 100, 0, 1),
(38, '1304', 100, 0, 1),
(39, '1305', 100, 0, 1),
(40, '1306', 100, 0, 1),
(41, '1307', 100, 0, 1),
(42, '1308', 100, 0, 1),
(43, '1309', 100, 0, 1),
(44, '1310', 100, 0, 1),
(45, '1311', 100, 0, 1),
(46, '1312', 100, 0, 1),
(47, '1313', 100, 0, 1),
(48, '1314', 100, 0, 1),
(49, '1315', 100, 0, 1),
(50, '1316', 100, 0, 1),
(51, '1317', 100, 0, 1),
(52, '1401', 100, 0, 1),
(53, '1402', 100, 0, 1),
(54, '1403', 100, 0, 1),
(55, '1404', 100, 0, 1),
(56, '1405', 100, 0, 1),
(57, '1406', 100, 0, 1),
(58, '1407', 100, 0, 1),
(59, '1408', 100, 0, 1),
(60, '1409', 100, 0, 1),
(61, '1410', 100, 0, 1),
(62, '1411', 100, 0, 1),
(63, '1412', 100, 0, 1),
(64, '1413', 100, 0, 1),
(65, '1414', 100, 0, 1),
(66, '1415', 100, 0, 1),
(67, '1416', 100, 0, 1),
(68, '1417', 100, 0, 1),
(69, '2101', 100, 0, 1),
(70, '2102', 100, 0, 1),
(71, '2103', 100, 0, 1),
(72, '2104', 100, 0, 1),
(73, '2105', 100, 0, 1),
(74, '2106', 100, 0, 1),
(75, '2107', 100, 0, 1),
(76, '2108', 100, 0, 1),
(77, '2109', 100, 0, 1),
(78, '2110', 100, 0, 1),
(79, '2111', 100, 0, 1),
(80, '2112', 100, 0, 1),
(81, '2113', 100, 0, 1),
(82, '2114', 100, 0, 1),
(83, '2115', 100, 0, 1),
(84, '2116', 100, 0, 1),
(85, '2117', 100, 0, 1),
(86, '2201', 100, 0, 1),
(87, '2202', 100, 0, 1),
(88, '2203', 100, 0, 1),
(89, '2204', 100, 0, 1),
(90, '2205', 100, 0, 1),
(91, '2206', 100, 0, 1),
(92, '2207', 100, 0, 1),
(93, '2208', 100, 0, 1),
(94, '2209', 100, 0, 1),
(95, '2210', 100, 0, 1),
(96, '2211', 100, 0, 1),
(97, '2212', 100, 0, 1),
(98, '2213', 100, 0, 1),
(99, '2214', 100, 0, 1),
(100, '2215', 100, 0, 1),
(101, '2216', 100, 0, 1),
(102, '2217', 100, 0, 1),
(103, '2301', 100, 0, 1),
(104, '2302', 100, 0, 1),
(105, '2303', 100, 0, 1),
(106, '2304', 100, 0, 1),
(107, '2305', 100, 0, 1),
(108, '2306', 100, 0, 1),
(109, '2307', 100, 0, 1),
(110, '2308', 100, 0, 1),
(111, '2309', 100, 0, 1),
(112, '2310', 100, 0, 1),
(113, '2311', 100, 0, 1),
(114, '2312', 100, 0, 1),
(115, '2313', 100, 0, 1),
(116, '2314', 100, 0, 1),
(117, '2315', 100, 0, 1),
(118, '2316', 100, 0, 1),
(119, '2317', 100, 0, 1),
(120, '2401', 100, 0, 1),
(121, '2402', 100, 0, 1),
(122, '2403', 100, 0, 1),
(123, '2404', 100, 0, 1),
(124, '2405', 100, 0, 1),
(125, '2406', 100, 0, 1),
(126, '2407', 100, 0, 1),
(127, '2408', 100, 0, 1),
(128, '2409', 100, 0, 1),
(129, '2410', 100, 0, 1),
(130, '2411', 100, 0, 1),
(131, '2412', 100, 0, 1),
(132, '2413', 100, 0, 1),
(133, '2414', 100, 0, 1),
(134, '2415', 100, 0, 1),
(135, '2416', 100, 0, 1),
(136, '2417', 100, 0, 1),
(137, '3101', 100, 0, 1),
(138, '3102', 100, 0, 1),
(139, '3103', 100, 0, 1),
(140, '3104', 100, 0, 1),
(141, '3105', 100, 0, 1),
(142, '3106', 100, 0, 1),
(143, '3107', 100, 0, 1),
(144, '3108', 100, 0, 1),
(145, '3109', 100, 0, 1),
(146, '3110', 100, 0, 1),
(147, '3111', 100, 0, 1),
(148, '3112', 100, 0, 1),
(149, '3113', 100, 0, 1),
(150, '3114', 100, 0, 1),
(151, '3115', 100, 0, 1),
(152, '3116', 100, 0, 1),
(153, '3117', 100, 0, 1),
(154, '3201', 100, 0, 1),
(155, '3202', 100, 0, 1),
(156, '3203', 100, 0, 1),
(157, '3204', 100, 0, 1),
(158, '3205', 100, 0, 1),
(159, '3206', 100, 0, 1),
(160, '3207', 100, 0, 1),
(161, '3208', 100, 0, 1),
(162, '3209', 100, 0, 1),
(163, '3210', 100, 0, 1),
(164, '3211', 100, 0, 1),
(165, '3212', 100, 0, 1),
(166, '3213', 100, 0, 1),
(167, '3214', 100, 0, 1),
(168, '3215', 100, 0, 1),
(169, '3216', 100, 0, 1),
(170, '3217', 100, 0, 1),
(171, '3301', 100, 0, 1),
(172, '3302', 100, 0, 1),
(173, '3303', 100, 0, 1),
(174, '3304', 100, 0, 1),
(175, '3305', 100, 0, 1),
(176, '3306', 100, 0, 1),
(177, '3307', 100, 0, 1),
(178, '3308', 100, 0, 1),
(179, '3309', 100, 0, 1),
(180, '3310', 100, 0, 1),
(181, '3311', 100, 0, 1),
(182, '3312', 100, 0, 1),
(183, '3313', 100, 0, 1),
(184, '3314', 100, 0, 1),
(185, '3315', 100, 0, 1),
(186, '3316', 100, 0, 1),
(187, '3317', 100, 0, 1),
(188, '3401', 100, 0, 1),
(189, '3402', 100, 0, 1),
(190, '3403', 100, 0, 1),
(191, '3404', 100, 0, 1),
(192, '3405', 100, 0, 1),
(193, '3406', 100, 0, 1),
(194, '3407', 100, 0, 1),
(195, '3408', 100, 0, 1),
(196, '3409', 100, 0, 1),
(197, '3410', 100, 0, 1),
(198, '3411', 100, 0, 1),
(199, '3412', 100, 0, 1),
(200, '3413', 100, 0, 1),
(201, '3414', 100, 0, 1),
(202, '3415', 100, 0, 1),
(203, '3416', 100, 0, 1),
(204, '3417', 100, 0, 1),
(205, '4101', 100, 0, 1),
(206, '4102', 100, 0, 1),
(207, '4103', 100, 0, 1),
(208, '4104', 100, 0, 1),
(209, '4105', 100, 0, 1),
(210, '4106', 100, 0, 1),
(211, '4107', 100, 0, 1),
(212, '4108', 100, 0, 1),
(213, '4109', 100, 0, 1),
(214, '4110', 100, 0, 1),
(215, '4111', 100, 0, 1),
(216, '4112', 100, 0, 1),
(217, '4113', 100, 0, 1),
(218, '4114', 100, 0, 1),
(219, '4115', 100, 0, 1),
(220, '4116', 100, 0, 1),
(221, '4117', 100, 0, 1),
(222, '4201', 100, 0, 1),
(223, '4202', 100, 0, 1),
(224, '4203', 100, 0, 1),
(225, '4204', 100, 0, 1),
(226, '4205', 100, 0, 1),
(227, '4206', 100, 0, 1),
(228, '4207', 100, 0, 1),
(229, '4208', 100, 0, 1),
(230, '4209', 100, 0, 1),
(231, '4210', 100, 0, 1),
(232, '4211', 100, 0, 1),
(233, '4212', 100, 0, 1),
(234, '4213', 100, 0, 1),
(235, '4214', 100, 0, 1),
(236, '4215', 100, 0, 1),
(237, '4216', 100, 0, 1),
(238, '4217', 100, 0, 1),
(239, '4301', 100, 0, 1),
(240, '4302', 100, 0, 1),
(241, '4303', 100, 0, 1),
(242, '4304', 100, 0, 1),
(243, '4305', 100, 0, 1),
(244, '4306', 100, 0, 1),
(245, '4307', 100, 0, 1),
(246, '4308', 100, 0, 1),
(247, '4309', 100, 0, 1),
(248, '4310', 100, 0, 1),
(249, '4311', 100, 0, 1),
(250, '4312', 100, 0, 1),
(251, '4313', 100, 0, 1),
(252, '4314', 100, 0, 1),
(253, '4315', 100, 0, 1),
(254, '4316', 100, 0, 1),
(255, '4317', 100, 0, 1),
(256, '4401', 100, 0, 1),
(257, '4402', 100, 0, 1),
(258, '4403', 100, 0, 1),
(259, '4404', 100, 0, 1),
(260, '4405', 100, 0, 1),
(261, '4406', 100, 0, 1),
(262, '4407', 100, 0, 1),
(263, '4408', 100, 0, 1),
(264, '4409', 100, 0, 1),
(265, '4410', 100, 0, 1),
(266, '4411', 100, 0, 1),
(267, '4412', 100, 0, 1),
(268, '4413', 100, 0, 1),
(269, '4414', 100, 0, 1),
(270, '4415', 100, 0, 1),
(271, '4416', 100, 0, 1),
(272, '4417', 100, 0, 1);
